Backup ID, Logical chunk num, Unique chunk num, Base chunk num, Delta chunk num, Logical chunk size, Unique chunk size, Base chunk size, Delta chunk size, LZ4_save size, Delta_save size, 
0,349658,181563,161395,20168,2869463040,1586581660,776631475,18446744073344427841,688479409,486594551
1,700527,225166,189449,35717,5748879360,2005085802,950758774,18446744073235193112,824045327,704640205
2,1048641,266111,209109,57002,8606402560,2401076896,1092184003,18446744073141292394,932589393,944562722
3,1400928,309641,239927,69714,11506227200,2823542516,1279417683,18446744073030214532,1073915154,1149546763
4,1749773,350273,261438,88835,14379182080,3221877633,1438131118,18446744072917786778,1198527553,1376983800
5,2102412,391624,282818,108806,17284945920,3626123370,1603018992,18446744072798573354,1329761836,1604320804
6,2454706,434179,304587,129592,20191088640,4041790630,1771282939,18446744072676271692,1462263702,1841523913
7,2812109,475940,329121,146819,23129180160,4435403046,1941329031,18446744072570702796,1592271302,2040651533
8,3167314,516183,346421,169762,26049710080,4815972298,2082019961,18446744072476234517,1699313494,2267955942
9,3522400,556670,364071,192599,28969748480,5198324110,2230392584,18446744072372412056,1811833953,2493237133
10,3874982,595347,384892,210455,31867842560,5565605388,2366565759,18446744072276894388,1912573904,2719122953
11,4227381,634533,398574,235959,34764001280,5937267741,2502588117,18446744072176812914,2014670932,2952747394
12,4585507,676861,414166,262695,37705349120,6332317969,2649209429,18446744072082715686,2124356613,3185587857
13,4940662,717180,428341,288839,40626268160,6713959396,2793879970,18446744071977131999,2233517410,3418981633
14,5298219,756126,440538,315588,43568435200,7082753289,2931369585,18446744071876812797,2336439821,3647682702
15,5655036,794396,451909,342487,46505267200,7445443641,3065945315,18446744071776996005,2436956033,3875097904
16,6017260,834554,467666,366888,49483950080,7823476615,3212396206,18446744071670167720,2548130941,4102333364
17,6381829,874758,481510,393248,52483553280,8201432140,3356077341,18446744071567518354,2656714694,4330673367
18,6746630,914145,492488,421657,55485675520,8572341154,3490233634,18446744071467398944,2757136570,4567123622
19,7108426,954067,505412,448655,58467983360,8948973987,3632620558,18446744071362013408,2864666666,4799224971
