input file, opt, logical data size (B), logical chunk num, total time (s), speed (MiB/s), chunking time, total filesize, total chunkingtime
/mnt/dataset2/WEB/2016-06-13.tar, upload, 2869463040, 349658, 17.049944, 160.501008,0.640140,2869463040.000000,1.751763
/mnt/dataset2/WEB/2016-06-15.tar, upload, 2879416320, 350869, 12.585241, 218.194105,0.706138,2879416320.000000,1.939073
/mnt/dataset2/WEB/2016-06-16.tar, upload, 2857523200, 348114, 19.372896, 140.667997,4.939762,2857523200.000000,13.461574
/mnt/dataset2/WEB/2016-06-17.tar, upload, 2899824640, 352287, 18.679906, 148.046156,4.934633,2899824640.000000,13.646671
/mnt/dataset2/WEB/2016-06-18.tar, upload, 2872954880, 348845, 18.411467, 148.812872,4.916994,2872954880.000000,13.471890
/mnt/dataset2/WEB/2016-06-20.tar, upload, 2905763840, 352639, 19.494761, 142.148567,5.186466,2905763840.000000,14.372488
/mnt/dataset2/WEB/2016-06-22.tar, upload, 2906142720, 352294, 18.480863, 149.966680,4.823087,2906142720.000000,13.367251
/mnt/dataset2/WEB/2016-06-23.tar, upload, 2938091520, 357403, 18.393003, 152.339584,4.420416,2938091520.000000,12.385928
/mnt/dataset2/WEB/2016-06-24.tar, upload, 2920529920, 355205, 20.119679, 138.433341,4.640098,2920529920.000000,12.923761
/mnt/dataset2/WEB/2016-06-25.tar, upload, 2920038400, 355086, 20.951439, 132.915244,5.287000,2920038400.000000,14.723057
/mnt/dataset2/WEB/2016-06-26.tar, upload, 2898094080, 352582, 19.113469, 144.601584,4.697582,2898094080.000000,12.983354
/mnt/dataset2/WEB/2016-06-27.tar, upload, 2896158720, 352399, 19.979034, 138.244531,4.624236,2896158720.000000,12.772104
/mnt/dataset2/WEB/2016-06-28.tar, upload, 2941347840, 358126, 20.578590, 136.310986,4.714310,2941347840.000000,13.224054
/mnt/dataset2/WEB/2016-06-29.tar, upload, 2920919040, 355155, 21.048761, 132.340591,4.721146,2920919040.000000,13.151251
/mnt/dataset2/WEB/2016-06-30.tar, upload, 2942167040, 357557, 20.412367, 137.459274,4.754436,2942167040.000000,13.340325
/mnt/dataset2/WEB/2016-07-01.tar, upload, 2936832000, 356817, 20.342914, 137.678469,4.611922,2936832000.000000,12.916986
/mnt/dataset2/WEB/2016-07-02.tar, upload, 2978682880, 362224, 20.482696, 138.687474,4.727504,2978682880.000000,13.429390
/mnt/dataset2/WEB/2016-07-03.tar, upload, 2999603200, 364569, 20.078646, 142.471984,3.204352,2999603200.000000,9.166511
/mnt/dataset2/WEB/2016-07-04.tar, upload, 3002122240, 364801, 20.784678, 137.747954,4.629766,3002122240.000000,13.255236
/mnt/dataset2/WEB/2016-07-05.tar, upload, 2982307840, 361796, 20.846468, 136.433203,4.782507,2982307840.000000,13.602170
/mnt/dataset2/WEB/2016-07-06.tar, upload, 2932582400, 356072, 20.305822, 137.730377,4.712065,2932582400.000000,13.178367
