Backup ID, FPindex, FPindex (%), SFindex, SFindex (%), Deltaindex, Deltaindex (%)
0,14525040,0.506194,13355520,0.465436,3766592,0.131265
1,18013280,0.313336,14840128,0.258139,5073184,0.0882465
2,21288880,0.247361,15637504,0.181696,6353760,0.073826
3,24771280,0.215286,17467520,0.151809,7467328,0.0648981
4,28021840,0.194878,18227520,0.126763,8803808,0.0612261
5,31329920,0.181256,18941632,0.109585,10060448,0.0582035
6,34734320,0.172028,19669120,0.0974149,11336448,0.0561458
7,38075200,0.16462,21060544,0.0910562,12449728,0.0538269
8,41294640,0.158522,21794944,0.0836667,13693728,0.0525677
9,44533600,0.153724,22473728,0.0775765,14901152,0.0514369
10,47627760,0.149454,22910848,0.0718933,16107680,0.0505452
11,50762640,0.146021,23441920,0.0674316,17311968,0.0497985
12,54148880,0.143611,24168064,0.0640972,18581472,0.0492807
13,57374400,0.141225,24719680,0.0608465,19818432,0.0487823
14,60490080,0.138839,25147200,0.0577189,21032032,0.0482736
15,63551680,0.136655,25499776,0.054832,22233120,0.0478077
16,66764320,0.134921,26078528,0.052701,23459488,0.0474083
17,69980640,0.133338,26598848,0.0506803,24696192,0.0470551
18,73131600,0.131803,26983616,0.0486317,25928064,0.0467293
19,76325360,0.130542,27446720,0.0469432,27160000,0.0464528
