Backup ID, Online Delta_save, Online Delta_save per OCall, Offline Delta_save, Offline delta time, Offline dedelta time, Offline delete time, Offline Delta chunk num
0,8204428,3.87434,478390123,108194,95556,0,12638
1,54399214,16.2014,650240991,190795,171647,0,19148
2,121564114,26.034,822998608,295731,268255,0,27476
3,163716678,28.5959,985830085,427412,394770,0,32642
4,197014950,29.5905,1179968850,584640,542909,0,41731
5,217736115,29.3732,1386584689,769577,717971,0,51606
6,239751322,29.7386,1601772591,987283,925138,0,62145
7,251514300,25.6843,1789137233,1210583,1139544,0,71039
8,283817074,24.1265,1984138868,1451687,1369532,0,82155
9,300018916,22.3228,2193218217,1716880,1622991,0,93889
10,319894337,22.5769,2399228616,2009376,1903124,0,106252
11,345357775,22.9712,2607389619,2317661,2199348,0,118313
12,378355283,23.7429,2807232574,2650354,2520143,0,130211
13,398615628,23.873,3020366005,3008573,2866238,0,142335
14,419364737,24.0479,3228317965,3393205,3238549,0,154656
15,439208834,24.1574,3435889070,3801512,3634373,0,167139
16,452353032,23.8166,3649980332,4217246,4038066,0,179180
17,468921959,23.7184,3861751408,4661264,4469629,0,191635
18,490514693,23.8496,4076608929,5146215,4941399,0,204816
19,504540710,23.7522,4294684261,5646055,5428319,0,217736
