BackupID, OnlineSpeed(MB/s), OnlineTime(s), AverageOnlineTime(s), BackupSize, OnlineSize, OfflineSize, OfflineTime(s), AverageOfflineTime(s), OverallReductionRatio
0, 175.016, 15.6359, 15.6359, 2869463040, 834325954, 410256752, 222.985, 222.985, 6.99431
1, 246.156, 11.1556, 13.3958, 2879416320, 623101133, 475564877, 146.398, 184.691, 12.0885
2, 192.084, 14.1872, 13.6596, 2857523200, 666088804, 523960302, 226.101, 198.494, 16.4257
3, 209.946, 13.1724, 13.5378, 2899824640, 741220118, 600735607, 221.706, 204.297, 19.1536
4, 212.643, 12.8848, 13.4072, 2872954880, 808117636, 647649594, 287.271, 220.892, 22.2021
5, 206.881, 13.3949, 13.4051, 2905763840, 864205330, 694167920, 361.769, 244.372, 24.9002
6, 202.349, 13.6967, 13.4468, 2906142720, 916974832, 741621603, 443.49, 272.817, 27.2256
7, 183.198, 15.2949, 13.6778, 2938091520, 959850972, 807009918, 703.142, 326.608, 28.6603
8, 162.933, 17.0943, 14.0574, 2920529920, 1007308347, 854229527, 1320.81, 437.075, 30.495
9, 177.928, 15.6511, 14.2168, 2920038400, 1064191903, 900260490, 735.396, 466.907, 32.1793
10, 178.484, 15.485, 14.3321, 2898094080, 1100467287, 940734467, 531.088, 472.742, 33.8755
11, 158.931, 17.3786, 14.586, 2896158720, 1140331748, 979306859, 557.776, 479.828, 35.4986
12, 158.961, 17.6464, 14.8214, 2941347840, 1188264427, 1032642883, 640.485, 492.186, 36.5134
13, 152.327, 18.287, 15.0689, 2920919040, 1240053231, 1072369044, 672.777, 505.086, 37.8846
14, 166.724, 16.8294, 15.1863, 2942167040, 1272819385, 1110015659, 904.427, 531.708, 39.2503
15, 162.051, 17.2834, 15.3174, 2936832000, 1307552379, 1145372872, 761.116, 546.046, 40.6027
16, 164.208, 17.2994, 15.4339, 2978682880, 1354455739, 1185366179, 763.823, 558.857, 41.7457
17, 163.425, 17.5044, 15.549, 2999603200, 1392765649, 1226884961, 809.607, 572.787, 42.7779
18, 160.137, 17.8787, 15.6716, 3002122240, 1427953639, 1261493892, 884.733, 589.206, 43.9841
19, 164.624, 17.2767, 15.7518, 2982307840, 1469356780, 1298952469, 2113.57, 665.424, 45.0116
