Backup ID, Inline Ecall, Index queries Ocall, Index updates Ocall, Data transfers Ocall, Total Inline Ocall, Offline Ecall, Offline_Ocall, _Inline_FPOcall, _Inline_SFOcall, _Inline_LocalOcall, _Inline_LoadOcall, _Inline_DeltaOcall, _Inline_RecipeOcall, _Inline_Write_ContainerOcall, _inline_have_similar_chunk_num, _inline_need_load_container_num, _inlineDeltaChunkNum, 
0,2734,5464,69,1999,7532,1,634071,2732,2732,1,1445,68,341,213,109954,37110,1056
1,5478,10948,483,2796,14227,2,1123951,5474,5474,2,1845,481,683,268,145638,51924,5952
2,8200,16388,1047,3513,20948,3,1748476,8194,8194,3,2173,1044,1022,318,182218,65097,12753
3,10955,21894,1424,4167,27485,4,2534787,10947,10947,4,2427,1420,1366,374,215983,80097,16926
4,13683,27346,1722,4780,33848,5,3472192,13673,13673,5,2647,1717,1706,427,252481,95888,20251
5,16440,32856,1928,5311,40095,6,4577284,16428,16428,6,2779,1922,2050,482,289928,113205,22385
6,19195,38362,2065,5808,46235,7,5878299,19181,19181,7,2875,2058,2394,539,328504,132120,24427
7,21990,43948,2221,7342,53511,8,7213430,21974,21974,8,4004,2213,2743,595,362848,151564,25921
8,24768,49500,2554,8934,60988,9,8652620,24750,24750,9,5199,2545,3089,646,399127,168741,29600
9,27545,55050,2720,10405,68175,10,10237923,27525,27525,10,6270,2710,3435,700,435875,188015,31540
10,30302,60560,2911,10926,74397,11,11964704,30280,30280,11,6396,2900,3779,751,471974,206844,34531
11,33058,66068,3148,11534,80750,12,13811072,33034,33034,12,6609,3136,4123,802,508174,223581,38077
12,35858,71664,3446,12116,87226,13,15804698,35832,35832,13,6789,3433,4472,855,546558,240070,42367
13,38635,77214,3631,12675,93520,14,17951624,38607,38607,14,6949,3617,4818,908,583878,257453,45420
14,41431,82802,3818,13212,99832,15,20257218,41401,41401,15,7086,3803,5167,959,620508,274705,48518
15,44221,88378,3991,13764,106133,16,22704940,44189,44189,16,7239,3975,5515,1010,656862,291858,51457
16,47053,94038,4127,14421,112586,17,25194227,47019,47019,17,7489,4110,5868,1064,693778,312615,53763
17,49904,99736,4278,15029,119043,18,27855684,49868,49868,18,7688,4260,6224,1117,731151,333119,56398
18,52757,105436,4478,15607,125521,19,30762824,52718,52718,19,7858,4459,6580,1169,768448,351469,59589
19,55586,111090,4596,16148,131834,20,33759311,55545,55545,20,7993,4576,6933,1222,805821,372336,61895
