Backup ID, Logical chunk num, Unique chunk num, Base chunk num, Delta chunk num, Logical chunk size, Unique chunk size, Base chunk size, Delta chunk size, LZ4_save size, Delta_save size, 
0,349658,181563,77218,104345,2869463040,1586581660,339535318,90738061,316810638,839497643
1,700527,225166,88748,136418,5748879360,2005085802,391840532,123341244,361268579,1128635447
2,1048641,266111,98206,167905,8606402560,2401076896,436578004,154476911,399622222,1410399759
3,1400928,309641,114041,195600,11506227200,2823542516,514472963,185579340,462363843,1661126370
4,1749773,350273,124312,225961,14379182080,3221877633,564648568,215870795,508165851,1933192419
5,2102412,391624,137082,254542,17284945920,3626123370,628563339,243205415,563497120,2190857496
6,2454706,434179,148974,285205,20191088640,4041790630,685450439,273194713,613061121,2470084357
7,2812109,475940,163344,312596,23129180160,4435403046,749398959,300750601,664872132,2720381354
8,3167314,516183,175456,340727,26049710080,4815972298,805188968,325703605,710228246,2974851479
9,3522400,556670,187705,368965,28969748480,5198324110,859653772,351985379,753075808,3233609151
10,3874982,595347,197873,397474,31867842560,5565605388,904925358,378024695,789210959,3493444376
11,4227381,634533,212693,421840,34764001280,5937267741,975876255,402141886,842858446,3716391154
12,4585507,676861,225743,451118,37705349120,6332317969,1033532279,428647194,889001863,3981136633
13,4940662,717180,237964,479216,40626268160,6713959396,1089601021,453893040,934415655,4236049680
14,5298219,756126,248200,507926,43568435200,7082753289,1135793203,478895409,971578340,4496486337
15,5655036,794396,257743,536653,46505267200,7445443641,1179688708,503542100,1006952166,4755260667
16,6017260,834554,269215,565339,49483950080,7823476615,1229040624,530373023,1048070900,5015992068
17,6381829,874758,281028,593730,52483553280,8201432140,1281362803,557934429,1090798034,5271336874
18,6746630,914145,291313,622832,55485675520,8572341154,1328402232,581477703,1128807812,5533653407
19,7108426,954067,301713,652354,58467983360,8948973987,1373716717,608083548,1165895492,5801278230
20,7464498,993174,312756,680418,61400565760,9319044274,1424718420,631393628,1206954840,6055977386
21,7815621,1032218,323865,708353,64291246080,9690481972,1474008979,658266364,1247359476,6310847153
22,8163270,1070694,334826,735868,67153766400,10057353438,1526092327,681576986,1289313088,6560371037
23,8509462,1109121,344886,764235,70005688320,10423757412,1573188209,704749659,1327927618,6817891926
24,8857126,1147034,355642,791392,72872611840,10785938053,1626257670,727575297,1368390574,7063714512
25,9205823,1184724,364452,820272,75747768320,11145427019,1666432292,751930095,1400791425,7326273207
26,9553238,1223126,374231,848895,78613667840,11511966758,1710791080,776177935,1436478162,7588519581
27,9900471,1260887,383325,877562,81478348800,11872768927,1751868281,799586871,1470258349,7851055426
28,10248239,1299161,392927,906234,84350238720,12237946237,1795667203,823205530,1505569557,8113503947
29,10596588,1337206,402809,934397,87226378240,12600596594,1841323651,847563972,1542040567,8369668404
30,10946481,1375853,413129,962724,90117150720,12968055455,1888637418,871502058,1580318494,8627597485
31,11291923,1413211,422570,990641,92970352640,13325556050,1933367964,894469339,1615649104,8882069643
32,11633491,1450134,431156,1018978,95788369920,13679895037,1973824163,917837847,1647315082,9140917945
33,11980449,1491772,443500,1048272,98655385600,14076093037,2031651056,941249344,1690988314,9412204323
34,12328874,1532659,458070,1074589,101536942080,14465034928,2101692428,966000302,1743795126,9653547072
35,12678852,1573224,470378,1102846,104431165440,14850849290,2156877083,993271641,1786983842,9913716724
36,13027926,1613137,481729,1131408,107317770240,15231135114,2209094362,1020681885,1827686301,10173672566
37,13379379,1652971,493607,1159364,110227466240,15609136396,2264247329,1044053746,1871519864,10429315457
38,13728163,1691563,503447,1188116,113113917440,15977195134,2308894858,1068069116,1906975120,10693256040
39,14076885,1730035,514461,1215574,116000757760,16345283035,2360897415,1090869850,1947605033,10945910737
40,14428208,1769259,524856,1244403,118909593600,16718145370,2407761007,1116136789,1985022287,11209225287
41,14776888,1807925,534681,1273244,121795717120,17086806716,2452811802,1140977695,2020459923,11472557296
42,15125521,1846954,545354,1301600,124680949760,17458129194,2502260599,1165905001,2059043014,11730920580
43,15474430,1885464,556140,1329324,127569377280,17824633621,2552628190,1190704858,2098879903,11982420670
44,15821608,1923538,565495,1358043,130441646080,18187892099,2595949569,1215312717,2132707066,12243922747
45,16170670,1961503,575253,1386250,133332664320,18550291606,2642702778,1238772606,2169810643,12499005579
46,16521828,1999608,584971,1414637,136244039680,18912830265,2687696570,1263325909,2205167202,12756640584
47,16873063,2038050,594745,1443305,139155404800,19278065298,2732143308,1287946939,2240790498,13017184553
48,17225102,2076957,605785,1471172,142071173120,19646653058,2784067316,1312709198,2281025310,13268851234
49,17574419,2115318,618169,1497149,144962355200,20012221789,2843822978,1335672378,2327140644,13505585789
50,17926301,2154337,628713,1525624,147876433920,20382505558,2894024095,1360136944,2367749460,13760595059
51,18271894,2192243,638294,1553949,150738626560,20744929295,2937804207,1384649414,2402821834,14019653840
52,18617702,2229865,647673,1582192,153603604480,21104158522,2982237385,1409331255,2438490769,14274099113
53,18965640,2267172,657392,1609780,156488765440,21459879139,3028536150,1431660080,2474550738,14525132171
54,19314713,2305354,671302,1634052,159383644160,21823151729,3096348621,1454097509,2526769650,14745935949
55,19663418,2344057,682134,1661923,162274867200,22191381180,3147522325,1478350141,2567782798,14997725916
56,20013675,2383448,692760,1690688,165181665280,22565614286,3196795111,1503969593,2607544065,15257305517
57,20362245,2421236,702798,1718438,168073625600,22926259665,3243414334,1527467283,2643911484,15511466564
58,20711122,2460140,714101,1746039,170970521600,23297321455,3296084370,1552479478,2686270417,15762487190
59,21060301,2497568,724097,1773471,173870110720,23653978445,3342804200,1574061864,2722496917,16014615464
60,21409582,2535174,733264,1801910,176770754560,24012391341,3385249845,1598288046,2756463977,16272389473
61,21758839,2573456,743264,1830192,179671726080,24376710915,3430861649,1622588139,2793048970,16530212157
62,22110179,2612534,753386,1859148,182588170240,24746247844,3476726785,1646536488,2829869240,16793115331
63,22458283,2651107,763511,1887596,185476454400,25113522953,3523330626,1670725280,2866951410,17052515637
64,22807536,2689545,773370,1916175,188373995520,25479224907,3570449969,1694590085,2904871536,17309313317
65,23153242,2727239,782280,1944959,191239946240,25840016130,3611773133,1719142690,2937739148,17571361159
66,23501375,2764639,791493,1973146,194128947200,26197711913,3655734080,1743017554,2972598106,17826362173
67,23849800,2802055,803230,1998825,197020743680,26555483219,3712383230,1767034691,3015899555,18060165743
68,24197521,2840113,812611,2027502,199907051520,26919495546,3755387324,1792239950,3050541232,18321327040
69,24546857,2878491,823181,2055310,202809763840,27285992635,3805805881,1816006999,3090244911,18573934844
70,24897909,2916854,836316,2080538,205728215040,27651087447,3870427309,1837737088,3141547931,18801375119
71,25251386,2955664,846912,2108752,208668569600,28019890005,3919826882,1862211811,3181307270,19056544042
72,25602695,2993999,857241,2136758,211589539840,28385267946,3968506629,1886343008,3219575522,19310842787
73,25952879,3031642,866128,2165514,214500464640,28744357655,4009629075,1910288291,3252412324,19572027965
74,26306780,3069665,879128,2190537,217447301120,29106010902,4072787770,1932960581,3302357065,19797905486
75,26661969,3108343,888421,2219922,220407265280,29473586437,4113224923,1960278033,3335675004,20064408477
76,27016854,3147052,897920,2249132,223364904960,29841213287,4155875623,1985874373,3370593829,20328869462
77,27372834,3185939,908261,2277678,226333276160,30210618529,4204086399,2008822412,3408723750,20588985968
