Backup ID, FPindex, FPindex (%), SFindex, SFindex (%), Deltaindex, Deltaindex (%)
0,14525040,0.506194,12696320,0.442463,6933120,0.241617
1,18013280,0.313336,14127552,0.245744,9082528,0.157988
2,21288880,0.247361,14989120,0.174162,11147936,0.129531
3,24771280,0.215286,16956736,0.14737,12965792,0.112685
4,28021840,0.194878,17612032,0.122483,15042976,0.104616
5,31329920,0.181256,18501760,0.10704,16905408,0.0978042
6,34734320,0.172028,19253696,0.0953574,18910304,0.0936567
7,38075200,0.16462,20685184,0.0894333,20717568,0.0895733
8,41294640,0.158522,21274048,0.0816671,22697696,0.0871322
9,44533600,0.153724,22068416,0.0761775,24587904,0.0848744
10,47627760,0.149454,21762240,0.068289,27162560,0.085235
11,50762640,0.146021,23157568,0.0666136,28737088,0.0826633
12,54148880,0.143611,23948800,0.0635157,30640736,0.0812636
13,57374400,0.141225,24653056,0.0606826,32407968,0.079771
14,60490080,0.138839,25148224,0.0577212,34221824,0.0785473
15,63551680,0.136655,25589312,0.0550245,36037664,0.0774916
16,66764320,0.134921,26043392,0.05263,38055840,0.0769054
17,69980640,0.133338,26773504,0.0510131,39901824,0.0760273
18,73131600,0.131803,27254976,0.0491207,41767072,0.0752754
19,76325360,0.130542,27800128,0.0475476,43654688,0.0746643
20,79453920,0.129403,28214144,0.045951,45526848,0.0741473
21,82577440,0.128443,28691840,0.0446279,47387648,0.0737078
22,85655520,0.127551,29259328,0.0435706,49111712,0.0731332
23,88729680,0.126746,29441984,0.0420566,51173568,0.0730992
24,91762720,0.125922,30008832,0.0411798,52911776,0.0726086
25,94777920,0.125123,30304832,0.0400076,54751168,0.0722809
26,97850080,0.12447,30724928,0.0390834,56601216,0.0719992
27,100870960,0.123801,31110336,0.0381823,58448256,0.0717347
28,103932880,0.123216,31395264,0.0372201,60395392,0.0716007
29,106976480,0.122642,31795456,0.0364517,62250912,0.0713671
30,110068240,0.122139,32228544,0.0357629,64043232,0.0710666
31,113056880,0.121605,32575552,0.0350386,65830464,0.070808
32,116010720,0.121111,32870912,0.0343162,67605440,0.0705779
33,119341760,0.120968,32527424,0.0329708,70602176,0.0715644
34,122612720,0.120757,33203456,0.0327009,72808512,0.0717064
35,125857920,0.120518,34029312,0.0325854,74599360,0.071434
36,129050960,0.120251,34600960,0.0322416,76376288,0.0711684
37,132237680,0.119968,35215552,0.0319481,78138016,0.070888
38,135325040,0.119636,35522688,0.0314043,80059232,0.0707775
39,138402800,0.119312,36006208,0.0310396,81806528,0.0705224
40,141540720,0.119032,36537600,0.0307272,83566752,0.0702776
41,144634000,0.118751,36934784,0.0303252,85378656,0.0700999
42,147756320,0.118508,37433024,0.0300231,87149280,0.0698978
43,150837120,0.118239,37915072,0.0297211,88841184,0.0696415
44,153883040,0.117971,38255360,0.0293276,90642976,0.0694893
45,156920240,0.117691,38526400,0.0288949,92497152,0.0693732
46,159968640,0.117413,38967552,0.0286013,94263136,0.069187
47,163044000,0.117167,39188416,0.0281616,96328512,0.0692237
48,166156560,0.116953,39088768,0.0275135,98966944,0.0696601
49,169225440,0.116738,39914240,0.0275342,100629056,0.0694174
50,172346960,0.116548,40326528,0.0272704,102509920,0.0693213
51,175379440,0.116347,40796992,0.0270647,104252000,0.0691608
52,178389200,0.116136,41141184,0.026784,106001504,0.0690098
53,181373760,0.115902,40708800,0.0260139,108493760,0.0693301
54,184428320,0.115713,41677888,0.0261494,110057856,0.0690522
55,187524560,0.11556,42198848,0.0260045,111789824,0.0688892
56,190675840,0.115434,42626752,0.025806,113604544,0.0687755
57,193698880,0.115246,42789440,0.0254587,115534240,0.0687403
58,196811200,0.115114,43422848,0.0253979,117253056,0.0685809
59,199805440,0.114916,43765952,0.0251716,119016096,0.0684512
60,202813920,0.114733,44137344,0.0249687,120770112,0.0683202
61,205876480,0.114585,44528448,0.0247832,122554880,0.0682104
62,209002720,0.114467,44951360,0.024619,124361472,0.0681104
63,212088560,0.114348,45365248,0.0244588,126145696,0.0680117
64,215163600,0.114221,45706176,0.0242635,127937216,0.0679166
65,218179120,0.114087,45951744,0.0240283,129797760,0.0678717
66,221171120,0.11393,45494592,0.0234352,132532512,0.0682704
67,224164400,0.113777,46352064,0.0235265,134175008,0.068102
68,227209040,0.113657,46637888,0.0233298,136029632,0.0680464
69,230279280,0.113544,46384064,0.0228707,138489504,0.0682854
70,233348320,0.113426,47271104,0.0229775,140092800,0.0680961
71,236453120,0.113315,47590080,0.0228065,141918880,0.0680116
72,239519920,0.1132,48051200,0.0227096,143630976,0.0678819
73,242531360,0.113068,47598720,0.0221905,146160896,0.0681401
74,245573200,0.112935,48603328,0.0223518,147653344,0.067903
75,248667440,0.112822,49024192,0.0222425,149479840,0.0678198
76,251764160,0.112714,49429056,0.0221293,151282272,0.0677288
77,254875120,0.112611,49743040,0.0219778,153114752,0.0676501
