Backup ID, Online Delta_save, Online Delta_save per OCall, Offline Delta_save, Offline delta time, Offline dedelta time, Offline delete time, Offline Delta chunk num
0,839497643,29.1918,0,0,0,0,0
1,1128635447,30.5619,0,0,0,0,0
2,1410399759,31.0499,0,0,0,0,0
3,1661126370,28.146,0,0,0,0,0
4,1933192419,27.1466,0,0,0,0,0
5,2190857496,25.457,0,0,0,0,0
6,2470084357,24.6572,0,0,0,0,0
7,2720381354,23.5283,0,0,0,0,0
8,2974851479,22.7361,0,0,0,0,0
9,3233609151,22.1072,0,0,0,0,0
10,3493444376,21.7281,0,0,0,0,0
11,3716391154,21.0995,0,0,0,0,0
12,3981136633,20.6249,0,0,0,0,0
13,4236049680,20.1281,0,0,0,0,0
14,4496486337,19.8664,0,0,0,0,0
15,4755260667,19.6234,0,0,0,0,0
16,5015992068,19.281,0,0,0,0,0
17,5271336874,18.9853,0,0,0,0,0
18,5533653407,18.7069,0,0,0,0,0
19,5801278230,18.4876,0,0,0,0,0
20,6055977386,18.1331,0,0,0,0,0
21,6310847153,17.8885,0,0,0,0,0
22,6560371037,17.583,0,0,0,0,0
23,6817891926,17.3657,0,0,0,0,0
24,7063714512,17.1628,0,0,0,0,0
25,7326273207,17.0453,0,0,0,0,0
26,7588519581,16.9157,0,0,0,0,0
27,7851055426,16.8037,0,0,0,0,0
28,8113503947,16.6829,0,0,0,0,0
29,8369668404,16.5522,0,0,0,0,0
30,8627597485,16.402,0,0,0,0,0
31,8882069643,16.2526,0,0,0,0,0
32,9140917945,16.165,0,0,0,0,0
33,9412204323,15.968,0,0,0,0,0
34,9653547072,15.8219,0,0,0,0,0
35,9913716724,15.746,0,0,0,0,0
36,10173672566,15.6713,0,0,0,0,0
37,10429315457,15.5571,0,0,0,0,0
38,10693256040,15.5109,0,0,0,0,0
39,10945910737,15.4181,0,0,0,0,0
40,11209225287,15.3594,0,0,0,0,0
41,11472557296,15.2999,0,0,0,0,0
42,11730920580,15.2242,0,0,0,0,0
43,11982420670,15.1403,0,0,0,0,0
44,12243922747,15.0818,0,0,0,0,0
45,12499005579,15.0067,0,0,0,0,0
46,12756640584,14.9529,0,0,0,0,0
47,13017184553,14.9024,0,0,0,0,0
48,13268851234,14.83,0,0,0,0,0
49,13505585789,14.7573,0,0,0,0,0
50,13760595059,14.7205,0,0,0,0,0
51,14019653840,14.7051,0,0,0,0,0
52,14274099113,14.6783,0,0,0,0,0
53,14525132171,14.6364,0,0,0,0,0
54,14745935949,14.5549,0,0,0,0,0
55,14997725916,14.5339,0,0,0,0,0
56,15257305517,14.4985,0,0,0,0,0
57,15511466564,14.4664,0,0,0,0,0
58,15762487190,14.43,0,0,0,0,0
59,16014615464,14.3979,0,0,0,0,0
60,16272389473,14.3733,0,0,0,0,0
61,16530212157,14.3351,0,0,0,0,0
62,16793115331,14.3019,0,0,0,0,0
63,17052515637,14.2641,0,0,0,0,0
64,17309313317,14.222,0,0,0,0,0
65,17571361159,14.1945,0,0,0,0,0
66,17826362173,14.1582,0,0,0,0,0
67,18060165743,14.1265,0,0,0,0,0
68,18321327040,14.1186,0,0,0,0,0
69,18573934844,14.0863,0,0,0,0,0
70,18801375119,14.0362,0,0,0,0,0
71,19056544042,14.0104,0,0,0,0,0
72,19310842787,13.9899,0,0,0,0,0
73,19572027965,13.9832,0,0,0,0,0
74,19797905486,13.9427,0,0,0,0,0
75,20064408477,13.9499,0,0,0,0,0
76,20328869462,13.9417,0,0,0,0,0
77,20588985968,13.91,0,0,0,0,0
