BackupID, OnlineSpeed(MB/s), OnlineTime(s), AverageOnlineTime(s), BackupSize, OnlineSize, OfflineSize, OfflineTime(s), AverageOfflineTime(s), OverallReductionRatio
0, 41.7723, 65.5107, 65.5107, 2869463040, 430273379, 412112478, 199.986, 199.986, 6.96282
1, 187.479, 14.6471, 40.0789, 2879416320, 497020875, 489641426, 60.2843, 130.135, 11.741
2, 184.474, 14.7725, 31.6434, 2857523200, 565514565, 557802948, 63.1299, 107.8, 15.4291
3, 116.482, 23.7418, 29.668, 2899824640, 666800336, 659678935, 57.1503, 95.1377, 17.4422
4, 131.585, 20.8221, 27.8988, 2872954880, 740145995, 732230796, 63.6542, 88.841, 19.6375
5, 116.976, 23.6899, 27.1974, 2905763840, 823480187, 816323165, 66.6619, 85.1445, 21.1741
6, 114.233, 24.2619, 26.778, 2906142720, 903199563, 895259273, 72.6241, 83.3559, 22.5533
7, 97.2979, 28.798, 27.0305, 2938091520, 986763681, 979997460, 65.4324, 81.1154, 23.6013
8, 103.408, 26.9343, 27.0198, 2920529920, 1060740473, 1053832750, 73.7579, 80.2979, 24.719
9, 96.278, 28.9242, 27.2103, 2920038400, 1134579328, 1127922523, 71.9655, 79.4647, 25.6842
10, 95.4358, 28.9602, 27.3693, 2898094080, 1199233425, 1190078206, 98.0966, 81.1585, 26.7779
11, 101.925, 27.0983, 27.3467, 2896158720, 1285146294, 1279253686, 55.9869, 79.0609, 27.1752
12, 92.1345, 30.4456, 27.5851, 2941347840, 1363415018, 1356552204, 69.4078, 78.3183, 27.795
13, 86.6284, 32.1558, 27.9116, 2920919040, 1437866792, 1431068681, 73.1932, 77.9522, 28.3888
14, 88.9388, 31.5483, 28.154, 2942167040, 1502263232, 1495640023, 81.0442, 78.1584, 29.1303
15, 86.321, 32.4461, 28.4223, 2936832000, 1564182219, 1557789991, 82.6211, 78.4373, 29.8534
16, 81.6375, 34.7964, 28.7972, 2978682880, 1633972830, 1625600344, 89.1889, 79.0697, 30.4404
17, 84.041, 34.0387, 29.0884, 2999603200, 1705483929, 1697901307, 84.5304, 79.3731, 30.9108
18, 78.1201, 36.6493, 29.4864, 3002122240, 1768484010, 1762283242, 91.7838, 80.0263, 31.4851
19, 78.2752, 36.3353, 29.8288, 2982307840, 1834203572, 1827111720, 91.8484, 80.6174, 32.0002
20, 71.2597, 39.247, 30.2773, 2932582400, 1901423503, 1895071031, 97.5694, 81.4246, 32.4001
21, 75.9161, 36.3134, 30.5517, 2890680320, 1971234326, 1963231201, 92.6396, 81.9344, 32.7477
22, 68.8772, 39.6345, 30.9466, 2862520320, 2038625171, 2032217160, 95.9484, 82.5437, 33.0446
23, 69.8035, 38.9637, 31.2806, 2851921920, 2102485715, 2095098220, 110.392, 83.7041, 33.414
24, 73.6101, 37.1432, 31.5151, 2866923520, 2170993319, 2164886663, 97.3575, 84.2502, 33.6612
25, 73.1545, 37.4818, 31.7446, 2875156480, 2229416083, 2222851955, 101.89, 84.9287, 34.0768
26, 71.9616, 37.9805, 31.9756, 2865899520, 2291458583, 2284595538, 107.867, 85.7782, 34.4103
27, 70.5668, 38.7147, 32.2163, 2864680960, 2349081675, 2342973294, 110.038, 86.6447, 34.7756
28, 69.8758, 39.1959, 32.4569, 2871889920, 2410390875, 2404169933, 117.909, 87.7228, 35.085
29, 69.7508, 39.3243, 32.6858, 2876139520, 2474184823, 2467377799, 115.886, 88.6615, 35.3519
30, 68.1175, 40.472, 32.937, 2890772480, 2538629652, 2531869282, 112.267, 89.423, 35.5931
31, 65.9115, 41.283, 33.1978, 2853201920, 2599567109, 2592977481, 122.783, 90.4655, 35.8547
32, 68.1424, 39.439, 33.387, 2818017280, 2656802188, 2650652485, 123.154, 91.4561, 36.1377
33, 61.5996, 44.3867, 33.7105, 2867015680, 2731890875, 2724115128, 165.004, 93.6193, 36.2156
34, 72.2352, 38.0433, 33.8343, 2881556480, 2818907458, 2811700376, 117.207, 94.2932, 36.1123
35, 74.3392, 37.1291, 33.9258, 2894223360, 2894156370, 2886230636, 90.8856, 94.1986, 36.1825
36, 75.342, 36.5385, 33.9964, 2886604800, 2965858159, 2958231572, 93.7218, 94.1857, 36.2777
37, 69.1085, 40.1528, 34.1584, 2909696000, 3036756400, 3030954649, 104.803, 94.4651, 36.3672
38, 71.3472, 38.5822, 34.2718, 2886451200, 3099617548, 3092869741, 113.706, 94.9584, 36.5725
39, 68.5862, 40.1408, 34.4186, 2886840320, 3167673032, 3161665398, 109.335, 95.3178, 36.6898
40, 69.1748, 40.1025, 34.5572, 2908835840, 3233795929, 3227305837, 112.028, 95.7254, 36.8448
41, 67.7103, 40.65, 34.7023, 2886123520, 3297197538, 3290478889, 120.712, 96.3203, 37.0146
42, 67.6639, 40.6653, 34.8409, 2885232640, 3364854992, 3358365918, 118.985, 96.8474, 37.1255
43, 68.1688, 40.4088, 34.9675, 2888427520, 3433533366, 3426924848, 119.834, 97.3698, 37.2256
44, 65.8764, 41.581, 35.1145, 2872268800, 3494854086, 3488394033, 127.854, 98.0473, 37.393
45, 64.7819, 42.5595, 35.2763, 2891018240, 3558607131, 3552145643, 132.661, 98.7997, 37.5358
46, 67.1483, 41.3488, 35.4055, 2911375360, 3621692738, 3614963137, 131.71, 99.5, 37.6889
47, 66.4875, 41.7597, 35.5379, 2911365120, 3684030905, 3676981713, 145.079, 100.45, 37.845
48, 66.1881, 42.012, 35.67, 2915768320, 3753667980, 3745788827, 167.517, 101.818, 37.9282
49, 70.2986, 39.2219, 35.741, 2891182080, 3828507669, 3822519616, 114.756, 102.077, 37.9232
50, 70.8305, 39.2356, 35.8096, 2914078720, 3897185299, 3890168133, 123.391, 102.495, 38.0129
51, 70.5801, 38.6738, 35.8647, 2862192640, 3958460715, 3951466342, 117.254, 102.779, 38.1475
52, 70.8638, 38.5564, 35.9154, 2864977920, 4020581361, 4013283046, 123.065, 103.162, 38.2738
53, 69.0011, 39.8763, 35.9888, 2885160960, 4081910636, 4074514818, 156.604, 104.151, 38.4067
54, 72.2366, 38.2184, 36.0293, 2894878720, 4164764718, 4159044787, 112.85, 104.309, 38.3222
55, 73.8145, 37.3542, 36.053, 2891223040, 4234471123, 4227184401, 122.04, 104.626, 38.3884
56, 67.3048, 41.1878, 36.1431, 2906798080, 4302076639, 4294577596, 129.393, 105.061, 38.4628
57, 68.7277, 40.1292, 36.2118, 2891960320, 4364694509, 4357711640, 134.636, 105.57, 38.5692
58, 69.066, 40.0008, 36.276, 2896896000, 4435393871, 4428207869, 128.44, 105.958, 38.6094
59, 70.6771, 39.1253, 36.3235, 2899589120, 4496510085, 4491033173, 132.302, 106.397, 38.7149
60, 66.9729, 41.3043, 36.4052, 2900643840, 4557705000, 4551150852, 135.772, 106.879, 38.8409
61, 65.595, 42.1767, 36.4982, 2900971520, 4621062749, 4614198344, 138.139, 107.383, 38.9389
62, 64.6422, 43.0267, 36.6019, 2916444160, 4684011829, 4677449700, 142.214, 107.936, 39.0358
63, 62.7669, 43.8843, 36.7157, 2888284160, 4748242333, 4741519357, 150.927, 108.607, 39.1175
64, 62.7249, 44.0545, 36.8286, 2897541120, 4812503505, 4805282745, 152.334, 109.28, 39.2014
65, 63.1388, 43.2885, 36.9264, 2865950720, 4871158514, 4864550372, 160.251, 110.052, 39.313
66, 63.5136, 43.3791, 37.0228, 2889000960, 4932386183, 4923745369, 194.898, 111.319, 39.4271
67, 70.2794, 39.241, 37.0554, 2891796480, 5004411656, 4997883099, 141.977, 111.77, 39.4208
68, 70.3774, 39.112, 37.0852, 2886307840, 5066092452, 5058992322, 149.231, 112.313, 39.5152
69, 65.6376, 42.1746, 37.1579, 2902712320, 5133177928, 5125188109, 177.453, 113.243, 39.5712
70, 68.9766, 40.3507, 37.2029, 2918451200, 5211539626, 5205295469, 133.71, 113.531, 39.5229
71, 69.4051, 40.4025, 37.2473, 2940354560, 5279169765, 5271987056, 144.764, 113.965, 39.5806
72, 69.9105, 39.846, 37.2829, 2920970240, 5344798000, 5337821374, 143.521, 114.37, 39.6397
73, 69.4852, 39.952, 37.319, 2910924800, 5402889103, 5394160163, 177.542, 115.224, 39.7653
74, 72.7958, 38.6055, 37.3361, 2946836480, 5479991148, 5473798396, 133.708, 115.47, 39.7251
75, 74.3738, 37.9548, 37.3443, 2959964160, 5541553001, 5534171992, 136.576, 115.748, 39.8266
76, 69.2904, 40.7073, 37.3879, 2957639680, 5602419032, 5595317318, 152.29, 116.223, 39.92
77, 65.5454, 43.1893, 37.4623, 2968371200, 5666476133, 5660258969, 162.443, 116.815, 39.9864
