Backup ID, Inline Ecall, Index queries Ocall, Index updates Ocall, Data transfers Ocall, Total Inline Ocall, Offline Ecall, Offline_Ocall, _Inline_FPOcall, _Inline_SFOcall, _Inline_LocalOcall, _Inline_LoadOcall, _Inline_DeltaOcall, _Inline_RecipeOcall, _Inline_Write_ContainerOcall, _inline_have_similar_chunk_num, _inline_need_load_container_num, _inlineDeltaChunkNum, 
0,2734,5464,2712,25372,33548,1,103529,2732,2732,1,24915,2711,341,116,110192,31954,104345
1,5478,10948,5450,30614,47012,2,132875,5474,5474,2,29791,5448,683,140,145321,44283,136418
2,8200,16388,8171,36188,60747,3,161089,8194,8194,3,35004,8168,1022,162,180283,58146,167905
3,10955,21894,10922,46713,79529,4,187901,10947,10947,4,45155,10918,1366,192,213217,74164,195600
4,13683,27346,13649,55895,96890,5,215458,13673,13673,5,53974,13644,1706,215,248822,89723,225961
5,16440,32856,16404,67640,116900,6,241415,16428,16428,6,65349,16398,2050,241,284349,107369,254542
6,19195,38362,19158,78671,136191,7,269308,19181,19181,7,76011,19151,2394,266,321300,124692,285205
7,21990,43948,21928,90984,156860,8,295061,21974,21974,8,87949,21920,2743,292,354568,142231,312596
8,24768,49500,24686,103090,177276,9,323241,24750,24750,9,99686,24677,3089,315,389366,159950,340727
9,27545,55050,27441,115400,197891,10,349948,27525,27525,10,111627,27431,3435,338,423948,178042,368965
10,30302,60560,30177,126835,217572,11,397327,30280,30280,11,122697,30166,3779,359,457981,196023,397474
11,33058,66068,32909,139099,238076,12,418102,33034,33034,12,134591,32897,4123,385,489572,212801,421840
12,35858,71664,35689,152813,260166,13,441917,35832,35832,13,147932,35676,4472,409,526409,231181,451118
13,38635,77214,38444,167078,282736,14,465166,38607,38607,14,161828,38430,4818,432,561791,250622,479216
14,41431,82802,41220,179811,303833,15,489044,41401,41401,15,174192,41205,5167,452,596521,269337,507926
15,44221,88378,43990,192656,325024,16,513352,44189,44189,16,186669,43974,5515,472,631031,288190,536653
16,47053,94038,46799,207256,348093,17,544120,47019,47019,17,200894,46782,5868,494,666486,307381,565339
17,49904,99736,49629,221517,370882,18,569895,49868,49868,18,214776,49611,6224,517,701584,326334,593730
18,52757,105436,52461,236414,394311,19,594556,52718,52718,19,229297,52442,6580,537,736863,346243,622832
19,55586,111090,55270,251168,417528,20,620447,55545,55545,20,243677,55250,6933,558,772534,365831,652354
20,58370,116654,58034,268113,442801,21,647349,58327,58327,21,260254,58013,7280,579,807602,386805,680418
21,61116,122142,60757,283762,466661,22,674401,61071,61071,22,275539,60735,7622,601,842479,406307,708353
22,63835,127574,63454,300911,491939,23,697416,63787,63787,23,292327,63431,7961,623,876894,426977,735868
23,66542,132984,66142,317264,516390,24,729912,66492,66492,24,308322,66118,8299,643,911744,447089,764235
24,69261,138418,68842,333083,540343,25,753720,69209,69209,25,323780,68817,8638,665,945464,466999,791392
25,71988,143868,71547,348191,563606,26,778448,71934,71934,26,338529,71521,8978,684,980018,486789,820272
26,74705,149298,74241,363854,587393,27,804389,74649,74649,27,353833,74214,9317,704,1014706,506226,848895
27,77420,154724,76934,379338,610996,28,830111,77362,77362,28,368959,76906,9656,723,1048987,525703,877562
28,80139,160158,79634,395304,635096,29,858991,80079,80079,29,384566,79605,9995,743,1083662,545337,906234
29,82863,165602,82337,411465,659404,30,885651,82801,82801,30,400367,82307,10335,763,1117971,565610,934397
30,85599,171070,85053,428626,684749,31,909806,85535,85535,31,417167,85022,10676,783,1152906,586131,962725
31,88300,176468,87735,445957,710160,32,934510,88234,88234,32,434141,87703,11013,803,1187086,606716,990642
32,90971,181806,90387,461834,734027,33,958385,90903,90903,33,449666,90354,11346,822,1221041,626601,1018979
33,93684,187228,93081,482545,762854,34,1019278,93614,93614,34,470016,93047,11684,845,1258861,649458,1048273
34,96409,192674,95786,500052,788512,35,1058405,96337,96337,35,487157,95751,12024,871,1293386,669576,1074590
35,99146,198144,98502,516344,812990,36,1081337,99072,99072,36,503084,98466,12365,895,1329218,689253,1102847
36,101876,203600,101214,532763,837577,37,1104249,101800,101800,37,519140,101177,12705,918,1365475,709166,1131409
37,104624,209092,103941,550736,863769,38,1127518,104546,104546,38,536748,103903,13048,940,1401201,730393,1159365
38,107351,214542,106647,566596,887785,39,1155056,107271,107271,39,552248,106608,13388,960,1436317,750612,1188117
39,110078,219992,109356,583946,913294,40,1178702,109996,109996,40,569236,109316,13728,982,1471154,771336,1215575
40,112825,225482,112087,600603,938172,41,1201247,112741,112741,41,585529,112046,14071,1003,1506596,791976,1244404
41,115552,230932,114798,617474,963204,42,1225653,115466,115466,42,602040,114756,14411,1023,1541911,812676,1273245
42,118278,236380,117507,634979,988866,43,1249366,118190,118190,43,619184,117464,14751,1044,1577283,833520,1301601
43,121006,241832,120217,652662,1014711,44,1271300,120916,120916,44,636506,120173,15091,1065,1612348,854387,1329325
44,123721,247258,122915,669892,1040065,45,1295708,123629,123629,45,653378,122870,15430,1084,1647329,875151,1358044
45,126451,252714,125627,687746,1066087,46,1322347,126357,126357,46,670872,125581,15770,1104,1682200,896134,1386251
46,129197,258202,128355,704774,1091331,47,1346083,129101,129101,47,687538,128308,16112,1124,1716880,916975,1414638
47,131944,263692,131082,721942,1116716,48,1378628,131846,131846,48,704343,131034,16455,1144,1751770,937520,1443306
48,134697,269194,133815,739945,1142954,49,1429965,134597,134597,49,721981,133766,16798,1166,1786564,958446,1471173
49,137429,274654,136530,757203,1168387,50,1451969,137327,137327,50,738874,136480,17139,1190,1820067,978533,1497150
50,140181,280154,139261,773619,1193034,51,1477552,140077,140077,51,754926,139210,17482,1211,1855416,998544,1525625
51,142883,285554,141944,789099,1216597,52,1500466,142777,142777,52,770049,141892,17819,1231,1889850,1017843,1553950
52,145587,290958,144631,805041,1240630,53,1523570,145479,145479,53,785634,144578,18156,1251,1924407,1037713,1582193
53,148308,296396,147334,821805,1265535,54,1570648,148198,148198,54,802039,147280,18495,1271,1958619,1057858,1609781
54,151038,301852,150041,839337,1291230,55,1592061,150926,150926,55,819205,149986,18835,1297,1991209,1077495,1634053
55,153765,307302,152747,854980,1315029,56,1613392,153651,153651,56,834487,152691,19175,1318,2026307,1096703,1661924
56,156504,312776,155467,872205,1340448,57,1638075,156388,156388,57,851348,155410,19517,1340,2062070,1117424,1690689
57,159230,318224,158172,888935,1365331,58,1667536,159112,159112,58,867718,158114,19857,1360,2096633,1137601,1718439
58,161958,323676,160881,905860,1390417,59,1690333,161838,161838,59,884281,160822,20197,1382,2131283,1157403,1746040
59,164688,329132,163591,922627,1415350,60,1714221,164566,164566,60,900688,163531,20537,1402,2165586,1177485,1773472
60,167419,334590,166300,939295,1440185,61,1737411,167295,167295,61,916996,166239,20878,1421,2200057,1197987,1801911
61,170150,340048,169011,957094,1466153,62,1761592,170024,170024,62,934434,168949,21219,1441,2235097,1218771,1830193
62,172897,345538,171741,974924,1492203,63,1785832,172769,172769,63,951901,171678,21562,1461,2270482,1239530,1859149
63,175619,350978,174446,993021,1518445,64,1810345,175489,175489,64,969639,174382,21901,1481,2305677,1260410,1887597
64,178350,356436,177157,1011401,1544994,65,1834873,178218,178218,65,987658,177092,22242,1501,2340941,1281798,1916176
65,181053,361838,179843,1029041,1570722,66,1861331,180919,180919,66,1004942,179777,22579,1520,2375783,1302463,1944960
66,183775,367278,182544,1047027,1596849,67,1915674,183639,183639,67,1022569,182477,22918,1540,2410362,1323168,1973147
67,186500,372724,185250,1063242,1621216,68,1938178,186362,186362,68,1038421,185182,23258,1563,2442682,1342331,1998826
68,189219,378158,187947,1079312,1645417,69,1962791,189079,189079,69,1054133,187878,23597,1582,2477728,1362161,2027503
69,191951,383618,190660,1097021,1671299,70,2008845,191809,191809,70,1071480,190590,23938,1603,2512531,1382759,2055311
70,194696,389104,193386,1114714,1697204,71,2030298,194552,194552,71,1088807,193315,24280,1627,2545667,1402726,2080539
71,197460,394628,196130,1132167,1722925,72,2054425,197314,197314,72,1105894,196058,24625,1648,2581220,1423446,2108753
72,200207,400118,198860,1149127,1748105,73,2076642,200059,200059,73,1122490,198787,24968,1669,2616120,1443710,2136759
73,202945,405590,201580,1165298,1772468,74,2123740,202795,202795,74,1138301,201506,25309,1688,2650844,1463694,2165515
74,205712,411120,204326,1182342,1797788,75,2142291,205560,205560,75,1154976,204251,25654,1712,2683432,1483270,2190538
75,208489,416670,207082,1197529,1821281,76,2165369,208335,208335,76,1169797,207006,26000,1732,2718790,1502176,2219923
76,211264,422216,209839,1214118,1846173,77,2189348,211108,211108,77,1186020,209762,26346,1752,2754106,1522252,2249133
77,214048,427780,212602,1232862,1873244,78,2214878,213890,213890,78,1204396,212524,26693,1773,2789823,1544015,2277679
