BackupID, OnlineSpeed(MB/s), OnlineTime(s), AverageOnlineTime(s), BackupSize, OnlineSize, OfflineSize, OfflineTime(s), AverageOfflineTime(s), OverallReductionRatio
0, 42.9746, 63.6779, 63.6779, 2869463040, 427124266, 408991178, 163.585, 163.585, 7.01595
1, 188.474, 14.5698, 39.1239, 2879416320, 493997449, 486119850, 50.531, 107.058, 11.8261
2, 185.173, 14.7168, 30.9882, 2857523200, 561948246, 554220326, 51.5026, 88.5397, 15.5288
3, 114.708, 24.109, 29.2684, 2899824640, 664265387, 657071222, 44.5184, 77.5344, 17.5114
4, 127.389, 21.5078, 27.7163, 2872954880, 741051230, 734303669, 52.2645, 72.4804, 19.5821
5, 116.526, 23.7814, 27.0604, 2905763840, 824929868, 818514424, 53.3404, 69.2904, 21.1175
6, 108.445, 25.5568, 26.8456, 2906142720, 905809005, 898332729, 60.7783, 68.0744, 22.4762
7, 94.6967, 29.589, 27.1886, 2938091520, 988949478, 981896481, 55.1069, 66.4535, 23.5556
8, 102.458, 27.1842, 27.1881, 2920529920, 1059471463, 1052676183, 62.9441, 66.0635, 24.7462
9, 94.892, 29.3467, 27.4039, 2920038400, 1135343183, 1129006557, 60.4563, 65.5028, 25.6595
10, 96.8268, 28.5441, 27.5076, 2898094080, 1200422605, 1191306839, 78.5086, 66.6851, 26.7503
11, 103.715, 26.6306, 27.4345, 2896158720, 1286945280, 1281078318, 45.2085, 64.8954, 27.1365
12, 93.012, 30.1584, 27.644, 2941347840, 1366267288, 1359538748, 58.0645, 64.37, 27.7339
13, 89.1691, 31.2396, 27.9009, 2920919040, 1442403773, 1435530086, 60.459, 64.0906, 28.3005
14, 87.0437, 32.2352, 28.1898, 2942167040, 1507156975, 1500624119, 65.4586, 64.1818, 29.0335
15, 85.0981, 32.9124, 28.485, 2936832000, 1568771533, 1562195411, 70.4916, 64.5762, 29.7692
16, 80.7358, 35.1851, 28.8791, 2978682880, 1639052790, 1631021309, 73.4526, 65.0983, 30.3392
17, 85.7484, 33.3609, 29.1281, 2999603200, 1707846032, 1700114480, 71.548, 65.4566, 30.8706
18, 79.4857, 36.0196, 29.4908, 3002122240, 1769061772, 1762651299, 76.9018, 66.059, 31.4785
19, 79.4596, 35.7937, 29.8059, 2982307840, 1834526640, 1827412433, 78.4736, 66.6797, 31.995
20, 71.7912, 38.9564, 30.2417, 2932582400, 1902008583, 1895508864, 82.8498, 67.4497, 32.3927
21, 77.2004, 35.7092, 30.4902, 2890680320, 1971237033, 1963606161, 78.0236, 67.9304, 32.7414
22, 69.0451, 39.5381, 30.8836, 2862520320, 2036701558, 2030531826, 84.3686, 68.6451, 33.072
23, 71.3977, 38.0937, 31.184, 2851921920, 2100871044, 2093692498, 97.882, 69.8633, 33.4365
24, 72.7552, 37.5796, 31.4398, 2866923520, 2165959110, 2159953678, 87.0971, 70.5526, 33.738
25, 73.0158, 37.553, 31.675, 2875156480, 2223856567, 2217467334, 95.3417, 71.5061, 34.1596
26, 71.6254, 38.1587, 31.9151, 2865899520, 2286169462, 2279624416, 95.1328, 72.3811, 34.4854
27, 71.0057, 38.4754, 32.1494, 2864680960, 2343213317, 17983309197882304216, 97.5217, 73.279, 4.53078e-09
28, 235539, 0.011628, 31.0412, 2871889920, 12056253178867253244, 3301576887707277420, 4e-05, 70.7521, 2.55485e-08
29, 238991, 0.011477, 30.0069, 2876139520, 0, 1, 1.7e-05, 68.3937, 8.72264e+10
30, 238586, 0.011555, 29.0393, 2890772480, 0, 1, 1.9e-05, 66.1875, 9.01172e+10
31, 243296, 0.011184, 28.1322, 2853201920, 0, 0, 3.4e-05, 64.1191, inf
32, 237977, 0.011293, 27.28, 2818017280, 0, 0, 3.4e-05, 62.1761, inf
33, 235890, 0.011591, 26.478, 2867015680, 0, 0, 1.6e-05, 60.3474, inf
34, 239901, 0.011455, 25.7218, 2881556480, 0, 0, 1.8e-05, 58.6232, inf
35, 238108, 0.011592, 25.0076, 2894223360, 0, 0, 0.000105, 56.9948, inf
36, 243338, 0.011313, 24.3321, 2886604800, 0, 0, 3.9e-05, 55.4544, inf
37, 237985, 0.01166, 23.692, 2909696000, 0, 0, 4.9e-05, 53.9951, inf
38, 0, 0.005833, 23.0847, 0, 0, 0, 1.5e-05, 52.6106, inf
