BackupID, OnlineSpeed(MB/s), OnlineTime(s), AverageOnlineTime(s), BackupSize, OnlineSize, OfflineSize, OfflineTime(s), AverageOfflineTime(s), OverallReductionRatio
0, 43.1888, 63.3621, 63.3621, 2869463040, 430528120, 412441369, 112.519, 112.519, 6.95726
1, 189.498, 14.4911, 38.9266, 2879416320, 496582117, 488709435, 34.7703, 73.6445, 11.7634
2, 186.55, 14.6082, 30.8204, 2857523200, 566407345, 559154978, 36.5497, 61.2796, 15.3918
3, 117.845, 23.4671, 28.9821, 2899824640, 669873673, 662600507, 31.4136, 53.8131, 17.3653
4, 129.743, 21.1176, 27.4092, 2872954880, 744540861, 737982408, 37.7554, 50.6015, 19.4845
5, 115.889, 23.9122, 26.8264, 2905763840, 836090872, 828758604, 38.0102, 48.503, 20.8564
6, 105.59, 26.2479, 26.7437, 2906142720, 919666682, 913700984, 43.0031, 47.7173, 22.0981
7, 96.5654, 29.0164, 27.0278, 2938091520, 1007723060, 1001093085, 40.0204, 46.7552, 23.1039
8, 101.774, 27.367, 27.0655, 2920529920, 1079724767, 1072989927, 44.6478, 46.521, 24.2777
9, 95.9449, 29.0246, 27.2614, 2920038400, 1155384156, 1148692795, 44.1957, 46.2885, 25.2198
10, 96.4672, 28.6506, 27.3877, 2898094080, 1221788451, 1212726509, 58.1243, 47.3645, 26.2778
11, 102.949, 26.8287, 27.3411, 2896158720, 1309473370, 1303920637, 33.3789, 46.199, 26.6611
12, 93.1784, 30.1045, 27.5537, 2941347840, 1388795013, 1382506541, 44.006, 46.0303, 27.2732
13, 86.9164, 32.0492, 27.8748, 2920919040, 1460840565, 1454249565, 46.081, 46.0339, 27.9362
14, 89.5492, 31.3333, 28.1054, 2942167040, 1523631641, 1517231601, 50.297, 46.3181, 28.7157
15, 85.3794, 32.804, 28.399, 2936832000, 1586085106, 1580201157, 54.613, 46.8366, 29.43
16, 82.1304, 34.5876, 28.7631, 2978682880, 1653996829, 1645727691, 59.2062, 47.5642, 30.0681
17, 85.4918, 33.461, 29.0241, 2999603200, 1721649086, 1714340480, 55.7247, 48.0176, 30.6144
18, 78.4972, 36.4732, 29.4161, 3002122240, 1783141118, 1776920272, 62.6974, 48.7902, 31.2258
19, 79.2379, 35.8938, 29.74, 2982307840, 1848372114, 1841974281, 62.8236, 49.4918, 31.742
20, 70.526, 39.6553, 30.2122, 2932582400, 1917119891, 1910740285, 66.4391, 50.2989, 32.1344
21, 74.9518, 36.7805, 30.5107, 2890680320, 1987659926, 1979499721, 61.3389, 50.8007, 32.4785
22, 67.139, 40.6606, 30.952, 2862520320, 2054260022, 2048194839, 68.3555, 51.5639, 32.7868
23, 68.8282, 39.5159, 31.3088, 2851921920, 2117809197, 2110669549, 75.4691, 52.56, 33.1675
24, 74.4203, 36.7388, 31.526, 2866923520, 2183586896, 2177654946, 67.7292, 53.1668, 33.4638
25, 71.7224, 38.2302, 31.7839, 2875156480, 2241977313, 2235651473, 73.4315, 53.9462, 33.8817
26, 70.5169, 38.7586, 32.0422, 2865899520, 2304897149, 2298413404, 73.0709, 54.6545, 34.2034
